0.069188        500
0.068792        550
0.068891        450
0.068936        525
0.068210        550
0.069753        600
0.068467        575
0.069910        575
0.068458        600
0.068706        600
0.068484        275
0.068900        400
0.071776        450
0.070557        475
0.068267        400
0.067724        400
0.153445        425
0.068866        400
0.068572        375
0.068739        450
0.068026        450
0.069265        525
0.068324        375
0.068630        500
0.068294        550
0.067825        375
0.067737        500
0.068212        500
0.068473        500
0.067704        550
0.069414        500
0.068114        550
0.068476        525
0.067251        525
0.068125        500
0.067827        525
0.068276        525
0.067538        525
0.070228        525
0.066865        575
0.068942        350
0.067493        525
0.068611        550
0.068979        525
0.068521        575
0.068498        450
0.068134        500
0.068981        525
0.067416        600
0.068896        500
0.066801        550
0.068466        600
0.066051        450
0.067332        350
0.066656        575
0.066534        600
0.067318        300
0.066874        500
0.068185        450
0.067160        550
0.066966        525
0.067621        350
0.066920        550
0.067609        350
0.066556        550
0.066026        475
0.066818        575
0.066099        575
0.064733        400
0.066010        500
0.064939        400
0.064665        475
0.063751        575
0.064338        475
0.060016        450
0.062366        425
0.063881        500
0.061109        375
0.057422        425
0.059908        500
0.057474        375
0.059136        425
0.056451        425
0.054237        500
0.055586        275
0.054046        575
0.052931        575
0.048957        225
0.050842        275
0.050883        550
0.047770        275
0.045326        550
0.042749        550
0.041314        550
0.041956        575
0.038234        550
0.033773        450
0.030706        450
0.025922        600
0.015553        600

